victorAnd;0
charlesIng;17;000346802;000346803;000346806;000346807;000346809;000346810;000346902;000346903;000346904;000346905;000346906;000346907;000346908;000346909;000346910;000347001;000347002
lady77;30;000367605;000234507;000357401;000132503;000101909;000142802;000122403;000214203;000153009;000020406;000285503;000295708;000040804;000357301;000030504;000010103;000214209;000285504;000203903;000061107;000071402;000071303;000306002;000265203;000203906;000254903;000030609;000010207;000101901;000357301
juan_play20001_gonzales;7;000010101;000010102;000010103;000010104;000010105;000010106;000010107
martin_rockz77;9;000234507;000234604;000244703;000244709;000254909;000255004;000255008;000265101;000214101
lucho_gamerx;9;000204002;000203908;000203905;000193705;000193701;000163201;000163105;000112201;000112106
tomas_beatx;18;000224309;000224407;000234601;000234608;000255004;000255006;000265102;000285501;000285505;000305907;000306001;000306007;000336601;000336607;000346901;000346910;000367502;000367505
camilo_wave09;12;000367606;000101905;000081504;000071405;000071309;000071302;000061208;000061201;000061106;000061103;000051009;000050907
raul_gtr92;11;000101901;000101904;000101908;000142805;000142806;000203903;000203904;000204001;000204006;000265101;000265108
nico_devx;12;000265202;000336506;000336603;000336604;000346907;000347006;000347010;000122302;000112204;000112202;000091802;000081601
aleja_cat95;15;000183608;000183609;000193701;000193702;000193704;000193705;000193708;000265107;000265108;000265203;000305906;000305909;000306002;000306003;000336504

